"cond" <-
structure(list(V1 = as.integer(c(1, 1, 1, 1, 2, 1, 2, 2, 2, 2, 
1, 1, 1, 1, 1, 1, 1, 1, 1, 2, 2, 2, 1, 2, 1, 2, 1, 2, 1, 2, 1, 
2, 2, 1, 2, 2, 2, 2, 2, 2, 1, 2, 2, 1, 1, 2, 2, 2, 2, 1, 1, 1, 
1, 1, 2, 2, 2, 1, 2, 1, 2, 1, 2, 1, 2, 2, 1, 2, 1, 1, 2, 1, 2, 
2, 1, 1, 1, 1, 2, 2))), .Names = "V1", class = "data.frame", row.names = c("1", 
"2", "3", "4", "5", "6", "7", "8", "9", "10", "11", "12", "13", 
"14", "15", "16", "17", "18", "19", "20", "21", "22", "23", "24", 
"25", "26", "27", "28", "29", "30", "31", "32", "33", "34", "35", 
"36", "37", "38", "39", "40", "41", "42", "43", "44", "45", "46", 
"47", "48", "49", "50", "51", "52", "53", "54", "55", "56", "57", 
"58", "59", "60", "61", "62", "63", "64", "65", "66", "67", "68", 
"69", "70", "71", "72", "73", "74", "75", "76", "77", "78", "79", 
"80"))
"dec" <-
structure(list(V1 = as.integer(c(2, 2, 2, 2, 2, 2, 2, 1, 2, 1, 
2, 2, 2, 2, 2, 2, 2, 2, 2, 1, 2, 1, 2, 2, 2, 2, 2, 2, 1, 2, 1, 
2, 1, 2, 1, 2, 1, 2, 2, 2, 2, 1, 2, 2, 2, 1, 1, 2, 1, 2, 2, 2, 
2, 1, 1, 1, 1, 1, 2, 1, 2, 1, 2, 2, 1, 2, 2, 2, 2, 2, 2, 2, 1, 
2, 2, 2, 2, 2, 2, 1)), V2 = as.integer(c(2, 2, 2, 2, 1, 2, 2, 
1, 1, 1, 2, 2, 2, 2, 2, 1, 1, 2, 2, 1, 2, 1, 1, 2, 2, 1, 2, 1, 
2, 1, 1, 2, 1, 2, 1, 2, 1, 2, 2, 2, 2, 1, 2, 2, 2, 1, 1, 2, 1, 
2, 2, 2, 2, 1, 1, 1, 1, 1, 2, 1, 1, 1, 2, 2, 1, 1, 2, 2, 2, 2, 
1, 2, 1, 2, 2, 2, 2, 1, 2, 1)), V3 = as.integer(c(2, 2, 2, 2, 
2, 2, 2, 1, 2, 2, 2, 2, 2, 2, 2, 1, 1, 2, 2, 1, 1, 2, 2, 2, 2, 
1, 2, 2, 2, 2, 1, 2, 1, 1, 1, 2, 2, 2, 1, 2, 1, 2, 2, 2, 2, 1, 
1, 1, 1, 2, 2, 2, 2, 1, 1, 1, 1, 2, 2, 1, 1, 1, 2, 1, 1, 1, 1, 
2, 2, 2, 1, 2, 1, 2, 2, 2, 2, 2, 1, 1)), V4 = as.integer(c(1, 
2, 2, 2, 2, 2, 2, 1, 2, 1, 2, 2, 2, 2, 2, 2, 2, 2, 2, 1, 2, 1, 
1, 2, 2, 2, 1, 1, 2, 1, 1, 2, 1, 1, 1, 1, 2, 1, 2, 1, 2, 2, 2, 
2, 2, 1, 1, 1, 1, 2, 2, 2, 2, 1, 1, 1, 1, 1, 2, 1, 1, 1, 2, 2, 
1, 1, 2, 2, 2, 2, 1, 2, 1, 1, 2, 2, 2, 1, 2, 1)), V5 = as.integer(c(1, 
1, 1, 1, 2, 1, 1, 1, 1, 1, 1, 1, 1, 1, 1, 1, 2, 1, 1, 1, 1, 1, 
1, 1, 2, 1, 2, 1, 2, 1, 1, 1, 2, 1, 1, 1, 2, 1, 2, 1, 1, 2, 1, 
2, 1, 2, 1, 1, 1, 1, 1, 2, 1, 2, 1, 1, 1, 2, 1, 1, 2, 1, 1, 1, 
1, 2, 1, 1, 1, 2, 1, 1, 1, 1, 1, 1, 1, 1, 1, 1)), V6 = as.integer(c(1, 
1, 1, 1, 1, 1, 1, 1, 1, 1, 1, 1, 1, 1, 1, 1, 2, 1, 1, 1, 1, 1, 
2, 1, 1, 1, 1, 2, 1, 1, 1, 1, 1, 1, 1, 1, 1, 1, 1, 1, 1, 1, 1, 
1, 1, 1, 1, 1, 1, 1, 1, 1, 1, 1, 1, 1, 1, 2, 1, 1, 1, 1, 1, 1, 
1, 1, 1, 1, 1, 1, 1, 1, 1, 1, 1, 1, 1, 1, 1, 1)), V7 = as.integer(c(1, 
1, 1, 1, 1, 1, 1, 1, 1, 1, 1, 1, 1, 1, 1, 1, 1, 1, 1, 1, 1, 1, 
1, 1, 1, 1, 1, 1, 2, 1, 1, 1, 1, 1, 2, 1, 1, 1, 1, 1, 1, 1, 1, 
1, 1, 1, 1, 1, 1, 2, 1, 1, 1, 1, 1, 1, 1, 2, 1, 1, 2, 1, 1, 1, 
1, 2, 1, 1, 1, 1, 1, 1, 1, 1, 1, 1, 1, 1, 1, 1)), V8 = as.integer(c(1, 
1, 1, 1, 1, 1, 1, 1, 1, 1, 1, 1, 1, 1, 1, 1, 1, 1, 1, 1, 1, 1, 
1, 1, 1, 1, 1, 1, 1, 1, 1, 1, 1, 1, 1, 1, 1, 1, 1, 1, 1, 1, 1, 
2, 1, 1, 1, 1, 1, 1, 1, 1, 1, 1, 1, 1, 1, 1, 1, 1, 1, 1, 1, 2, 
1, 1, 2, 1, 1, 1, 1, 1, 1, 1, 1, 1, 1, 1, 1, 1))), .Names = c("V1", 
"V2", "V3", "V4", "V5", "V6", "V7", "V8"), class = "data.frame", row.names = c("1", 
"2", "3", "4", "5", "6", "7", "8", "9", "10", "11", "12", "13", 
"14", "15", "16", "17", "18", "19", "20", "21", "22", "23", "24", 
"25", "26", "27", "28", "29", "30", "31", "32", "33", "34", "35", 
"36", "37", "38", "39", "40", "41", "42", "43", "44", "45", "46", 
"47", "48", "49", "50", "51", "52", "53", "54", "55", "56", "57", 
"58", "59", "60", "61", "62", "63", "64", "65", "66", "67", "68", 
"69", "70", "71", "72", "73", "74", "75", "76", "77", "78", "79", 
"80"))
"nq" <-
8
"ns" <-
80
"nsc" <-
40
"std_d" <-
structure(list(V1 = as.integer(c(4, 4, 4, 4, 4, 4, 4, 4, 4, 4, 
4, 2, 4, 4, 3, 3, 3, 2, 4, 4, 4, 2, 4, 3, 4, 3, 4, 3, 1, 4, 4, 
3, 3, 4, 3, 4, 4, 4, 4, 4)), V2 = as.integer(c(1, 0, 0, 0, 0, 
0, 0, 0, 0, 0, 2, 2, 0, 0, 2, 0, 1, 1, 4, 2, 1, 0, 0, 0, 0, 0, 
0, 4, 3, 4, 4, 1, 1, 0, 0, 0, 0, 0, 0, 2)), V3 = as.integer(c(0, 
0, 0, 0, 0, 0, 0, 0, 0, 0, 0, 2, 0, 0, 1, 1, 1, 2, 0, 0, 0, 2, 
0, 1, 0, 1, 0, 1, 3, 0, 0, 1, 1, 0, 1, 0, 0, 0, 0, 0)), V4 = as.integer(c(3, 
4, 4, 4, 4, 4, 4, 4, 4, 4, 2, 2, 4, 4, 2, 4, 3, 3, 0, 2, 3, 4, 
4, 4, 4, 4, 4, 0, 1, 0, 0, 3, 3, 4, 4, 4, 4, 4, 4, 2))), .Names = c("V1", 
"V2", "V3", "V4"), class = "data.frame", row.names = c("1", "2", 
"3", "4", "5", "6", "7", "8", "9", "10", "11", "12", "13", "14", 
"15", "16", "17", "18", "19", "20", "21", "22", "23", "24", "25", 
"26", "27", "28", "29", "30", "31", "32", "33", "34", "35", "36", 
"37", "38", "39", "40"))
"std_i" <-
structure(list(V1 = as.integer(c(3, 4, 4, 4, 4, 4, 4, 4, 4, 4, 
3, 4, 4, 3, 3, 4, 3, 4, 3, 4, 3, 4, 3, 4, 4, 4, 4, 4, 4, 4, 2, 
4, 4, 2, 4, 4, 4, 4, 4, 4)), V2 = as.integer(c(1, 0, 4, 1, 3, 
4, 1, 3, 0, 2, 2, 2, 0, 4, 4, 1, 2, 1, 1, 1, 2, 0, 4, 4, 2, 4, 
4, 4, 4, 0, 3, 0, 4, 3, 0, 3, 4, 1, 1, 4)), V3 = as.integer(c(1, 
0, 0, 0, 0, 0, 0, 0, 0, 0, 1, 0, 0, 1, 1, 0, 1, 0, 1, 0, 1, 0, 
1, 0, 0, 0, 0, 0, 0, 0, 2, 0, 0, 2, 0, 0, 0, 0, 0, 0)), V4 = as.integer(c(3, 
4, 0, 3, 1, 0, 3, 1, 4, 2, 2, 2, 4, 0, 0, 3, 2, 3, 3, 3, 2, 4, 
0, 0, 2, 0, 0, 0, 0, 4, 1, 4, 0, 1, 4, 1, 0, 3, 3, 0))), .Names = c("V1", 
"V2", "V3", "V4"), class = "data.frame", row.names = c("1", "2", 
"3", "4", "5", "6", "7", "8", "9", "10", "11", "12", "13", "14", 
"15", "16", "17", "18", "19", "20", "21", "22", "23", "24", "25", 
"26", "27", "28", "29", "30", "31", "32", "33", "34", "35", "36", 
"37", "38", "39", "40"))
